=== MANUAL PATH SEQUENCES COMPARISON LOG (GRAPHS) ===


Graph Size: 10 Nodes | File: graph_10.json
  -> Exact SPP Path:   [0, 9] (Cost: 0.13)
  -> Exact RCSPP Path: [0, 9] (Cost: 0.13)
  [SPP] GA Run 00 | Feasible=True  | Cost=     0.13 | Path: [0, 9]
  [SPP] GA Run 01 | Feasible=True  | Cost=     0.13 | Path: [0, 9]
  [RCSPP] GA Run 00 | Feasible=True  | Cost=     0.13 | Path: [0, 9]
  [RCSPP] GA Run 01 | Feasible=True  | Cost=     0.13 | Path: [0, 9]
  [SPP] PSO Run 00 | Feasible=True  | Cost=     0.13 | Path: [0, 9]
  [SPP] PSO Run 01 | Feasible=True  | Cost=     0.13 | Path: [0, 9]
  [RCSPP] PSO Run 00 | Feasible=True  | Cost=     0.13 | Path: [0, 9]
  [RCSPP] PSO Run 01 | Feasible=True  | Cost=     0.13 | Path: [0, 9]
  [SPP] SQA Run 00 | Feasible=True  | Cost=     0.13 | Path: [0, 9]
  [SPP] SQA Run 01 | Feasible=True  | Cost=     0.13 | Path: [0, 9]
  [RCSPP] SQA Run 00 | Feasible=True  | Cost=     0.13 | Path: [0, 9]
  [RCSPP] SQA Run 01 | Feasible=True  | Cost=     0.13 | Path: [0, 9]

Graph Size: 100 Nodes | File: graph_100.json
  -> Exact SPP Path:   [0, 14, 81, 89, 43, 67, 57, 36, 97, 85, 30, 75, 26, 86, 41, 77, 9, 69, 79, 58, 54, 61, 59, 99] (Cost: 12.05)
  -> Exact RCSPP Path: [0, 14, 81, 89, 67, 57, 36, 97, 85, 30, 75, 26, 41, 11, 88, 76, 79, 58, 54, 61, 35, 99] (Cost: 53.31)
  [SPP] GA Run 00 | Feasible=True  | Cost=    12.05 | Path: [0, 14, 81, 89, 43, 67, 57, 36, 97, 85, 30, 75, 26, 86, 41, 77, 9, 69, 79, 58, 54, 61, 59, 99]
  [SPP] GA Run 01 | Feasible=True  | Cost=    12.05 | Path: [0, 14, 81, 89, 43, 67, 57, 36, 97, 85, 30, 75, 26, 86, 41, 77, 9, 69, 79, 58, 54, 61, 59, 99]
  [RCSPP] GA Run 00 | Feasible=True  | Cost=    53.31 | Path: [0, 14, 81, 89, 67, 57, 36, 97, 85, 30, 75, 26, 41, 11, 88, 76, 79, 58, 54, 61, 35, 99]
  [RCSPP] GA Run 01 | Feasible=True  | Cost=    89.78 | Path: [0, 87, 95, 81, 89, 67, 57, 36, 97, 48, 30, 75, 26, 41, 77, 9, 69, 34, 54, 61, 59, 99]
  [SPP] PSO Run 00 | Feasible=True  | Cost=    17.11 | Path: [0, 14, 81, 89, 43, 67, 57, 36, 97, 85, 30, 75, 26, 86, 41, 77, 9, 76, 79, 29, 71, 80, 70, 99]
  [SPP] PSO Run 01 | Feasible=True  | Cost=    14.31 | Path: [0, 14, 81, 89, 43, 67, 57, 36, 97, 85, 30, 75, 26, 86, 41, 77, 9, 69, 79, 29, 71, 80, 70, 99]
  [RCSPP] PSO Run 00 | Feasible=True  | Cost=   100.71 | Path: [0, 14, 81, 89, 43, 20, 96, 36, 97, 85, 30, 75, 26, 41, 11, 47, 15, 8, 58, 54, 61, 35, 99]
  [RCSPP] PSO Run 01 | Feasible=True  | Cost=    92.27 | Path: [0, 14, 81, 89, 67, 57, 36, 97, 48, 30, 75, 26, 41, 77, 9, 69, 34, 54, 61, 35, 99]
  [SPP] SQA Run 00 | Feasible=True  | Cost=    12.05 | Path: [0, 14, 81, 89, 43, 67, 57, 36, 97, 85, 30, 75, 26, 86, 41, 77, 9, 69, 79, 58, 54, 61, 59, 99]
  [SPP] SQA Run 01 | Feasible=True  | Cost=    13.54 | Path: [0, 14, 81, 89, 43, 67, 57, 36, 97, 85, 30, 75, 26, 86, 41, 11, 88, 76, 79, 58, 54, 61, 59, 99]
  [RCSPP] SQA Run 00 | Feasible=False | Cost=    69.41 | Path: [0, 14, 81, 89, 43, 67, 57, 36, 97, 48, 30, 75, 26, 41, 11, 88, 76, 79, 58, 54, 61, 35, 99]
  [RCSPP] SQA Run 01 | Feasible=False | Cost=    68.93 | Path: [0, 87, 95, 81, 89, 43, 67, 57, 36, 97, 48, 30, 75, 26, 86, 41, 11, 88, 53, 79, 58, 54, 61, 35, 99]

Graph Size: 110 Nodes | File: graph_110.json
  -> Exact SPP Path:   [0, 41, 104, 70, 91, 103, 56, 23, 79, 50, 101, 55, 60, 28, 95, 39, 15, 5, 7, 98, 92, 4, 64, 35, 109] (Cost: -11.81)
  -> Exact RCSPP Path: [0, 41, 104, 70, 91, 103, 56, 23, 79, 80, 101, 55, 60, 28, 95, 39, 54, 13, 94, 17, 78, 97, 64, 35, 109] (Cost: 13.73)
  [SPP] GA Run 00 | Feasible=True  | Cost=   -11.81 | Path: [0, 41, 104, 70, 91, 103, 56, 23, 79, 50, 101, 55, 60, 28, 95, 39, 15, 5, 7, 98, 92, 4, 64, 35, 109]
  [SPP] GA Run 01 | Feasible=True  | Cost=    -5.62 | Path: [0, 41, 104, 24, 108, 103, 56, 23, 79, 50, 101, 55, 60, 28, 95, 39, 15, 5, 7, 98, 92, 4, 64, 35, 109]
  [RCSPP] GA Run 00 | Feasible=True  | Cost=    13.73 | Path: [0, 41, 104, 70, 91, 103, 56, 23, 79, 80, 101, 55, 60, 28, 95, 39, 54, 13, 94, 17, 78, 97, 64, 35, 109]
  [RCSPP] GA Run 01 | Feasible=True  | Cost=    49.83 | Path: [0, 33, 104, 70, 91, 103, 56, 23, 79, 50, 101, 20, 66, 14, 95, 39, 54, 13, 94, 17, 78, 97, 82, 35, 109]
  [SPP] PSO Run 00 | Feasible=True  | Cost=    37.91 | Path: [0, 33, 104, 70, 91, 103, 56, 23, 79, 50, 101, 20, 66, 14, 95, 45, 34, 18, 7, 98, 92, 4, 64, 35, 109]
  [SPP] PSO Run 01 | Feasible=True  | Cost=     0.50 | Path: [0, 33, 104, 70, 91, 103, 56, 23, 79, 50, 101, 55, 60, 28, 95, 15, 5, 7, 98, 92, 4, 64, 35, 109]
  [RCSPP] PSO Run 00 | Feasible=True  | Cost=    25.89 | Path: [0, 33, 104, 24, 108, 103, 56, 23, 79, 50, 101, 55, 60, 28, 95, 39, 54, 13, 94, 17, 78, 97, 82, 35, 109]
  [RCSPP] PSO Run 01 | Feasible=True  | Cost=    43.62 | Path: [0, 41, 104, 24, 108, 103, 62, 56, 23, 79, 50, 101, 55, 60, 28, 95, 39, 54, 13, 94, 17, 78, 97, 82, 35, 109]
  [SPP] SQA Run 00 | Feasible=True  | Cost=    -6.03 | Path: [0, 41, 104, 91, 103, 56, 23, 79, 50, 101, 55, 60, 28, 95, 39, 15, 5, 7, 98, 92, 4, 64, 35, 109]
  [SPP] SQA Run 01 | Feasible=True  | Cost=    -8.17 | Path: [0, 33, 104, 24, 91, 103, 56, 23, 79, 50, 101, 55, 60, 28, 95, 39, 15, 5, 7, 98, 92, 4, 64, 35, 109]
  [RCSPP] SQA Run 00 | Feasible=True  | Cost=    80.23 | Path: [0, 41, 104, 24, 108, 103, 62, 56, 23, 79, 80, 101, 37, 60, 28, 95, 39, 54, 13, 94, 17, 78, 97, 11, 35, 109]
  [RCSPP] SQA Run 01 | Feasible=True  | Cost=    62.46 | Path: [0, 41, 104, 24, 108, 103, 56, 23, 79, 50, 101, 20, 66, 14, 95, 39, 54, 13, 94, 17, 78, 97, 64, 44, 109]

Graph Size: 120 Nodes | File: graph_120.json
  -> Exact SPP Path:   [0, 44, 116, 102, 114, 29, 52, 86, 79, 32, 20, 38, 55, 83, 76, 19, 107, 59, 96, 109, 31, 22, 101, 36, 8, 62, 51, 119] (Cost: -9.46)
  -> Exact RCSPP Path: [0, 44, 116, 84, 60, 12, 117, 86, 79, 32, 20, 38, 55, 61, 92, 42, 26, 59, 96, 109, 22, 101, 36, 8, 62, 51, 119] (Cost: 15.07)
  [SPP] GA Run 00 | Feasible=True  | Cost=    -3.76 | Path: [0, 44, 116, 84, 60, 12, 99, 86, 79, 32, 20, 38, 55, 83, 76, 19, 107, 59, 96, 109, 31, 22, 101, 36, 8, 62, 51, 119]
  [SPP] GA Run 01 | Feasible=True  | Cost=    -9.46 | Path: [0, 44, 116, 102, 114, 29, 52, 86, 79, 32, 20, 38, 55, 83, 76, 19, 107, 59, 96, 109, 31, 22, 101, 36, 8, 62, 51, 119]
  [RCSPP] GA Run 00 | Feasible=True  | Cost=    24.96 | Path: [0, 44, 116, 84, 60, 12, 99, 86, 79, 32, 20, 38, 55, 83, 76, 19, 107, 59, 96, 109, 22, 101, 16, 103, 54, 5, 30, 119]
  [RCSPP] GA Run 01 | Feasible=True  | Cost=    18.79 | Path: [0, 44, 116, 84, 60, 12, 99, 86, 79, 32, 20, 38, 55, 83, 76, 19, 107, 59, 96, 109, 22, 101, 36, 8, 62, 119]
  [SPP] PSO Run 00 | Feasible=True  | Cost=    62.63 | Path: [0, 44, 116, 84, 60, 12, 99, 86, 79, 32, 20, 38, 48, 83, 76, 19, 107, 59, 6, 89, 56, 22, 101, 36, 8, 62, 119]
  [SPP] PSO Run 01 | Feasible=True  | Cost=    62.96 | Path: [0, 44, 116, 102, 60, 12, 99, 86, 77, 32, 20, 38, 55, 83, 76, 19, 46, 59, 96, 89, 56, 22, 101, 36, 8, 62, 51, 119]
  [RCSPP] PSO Run 00 | Feasible=True  | Cost=    71.41 | Path: [0, 44, 116, 102, 114, 29, 99, 86, 79, 32, 20, 66, 48, 83, 76, 19, 107, 59, 96, 109, 22, 101, 16, 103, 54, 5, 30, 119]
  [RCSPP] PSO Run 01 | Feasible=True  | Cost=    32.97 | Path: [0, 44, 116, 84, 60, 12, 99, 86, 79, 32, 20, 38, 55, 61, 92, 42, 26, 59, 96, 109, 22, 101, 36, 8, 62, 119]
  [SPP] SQA Run 00 | Feasible=True  | Cost=    -8.41 | Path: [0, 44, 116, 102, 114, 29, 52, 86, 79, 32, 20, 38, 55, 83, 76, 19, 107, 59, 96, 109, 22, 101, 36, 8, 62, 51, 119]
  [SPP] SQA Run 01 | Feasible=True  | Cost=    -9.46 | Path: [0, 44, 116, 102, 114, 29, 52, 86, 79, 32, 20, 38, 55, 83, 76, 19, 107, 59, 96, 109, 31, 22, 101, 36, 8, 62, 51, 119]
  [RCSPP] SQA Run 00 | Feasible=True  | Cost=    16.25 | Path: [0, 44, 116, 102, 114, 29, 99, 86, 79, 32, 20, 38, 55, 83, 76, 19, 107, 59, 96, 109, 22, 101, 36, 8, 62, 119]
  [RCSPP] SQA Run 01 | Feasible=True  | Cost=    49.96 | Path: [0, 44, 116, 102, 114, 29, 99, 86, 79, 32, 20, 38, 55, 83, 76, 19, 107, 59, 96, 109, 78, 68, 101, 36, 8, 62, 119]

Graph Size: 130 Nodes | File: graph_130.json
  -> Exact SPP Path:   [0, 21, 72, 73, 106, 27, 92, 3, 26, 127, 50, 77, 56, 85, 40, 9, 87, 43, 80, 119, 103, 39, 11, 10, 97, 96, 28, 121, 129] (Cost: -21.96)
  -> Exact RCSPP Path: [0, 31, 72, 73, 106, 27, 92, 3, 26, 127, 50, 77, 56, 85, 40, 9, 70, 118, 12, 119, 110, 24, 120, 20, 97, 96, 38, 95, 129] (Cost: 22.84)
  [SPP] GA Run 00 | Feasible=True  | Cost=    -8.58 | Path: [0, 21, 72, 73, 106, 27, 92, 3, 26, 127, 50, 77, 56, 85, 98, 109, 70, 4, 12, 119, 103, 39, 11, 10, 97, 96, 28, 121, 129]
  [SPP] GA Run 01 | Feasible=True  | Cost=   -21.96 | Path: [0, 21, 72, 73, 106, 27, 92, 3, 26, 127, 50, 77, 56, 85, 40, 9, 87, 43, 80, 119, 103, 39, 11, 10, 97, 96, 28, 121, 129]
  [RCSPP] GA Run 00 | Feasible=True  | Cost=    41.60 | Path: [0, 31, 72, 73, 106, 27, 92, 3, 26, 127, 50, 51, 56, 85, 98, 109, 70, 118, 12, 119, 110, 24, 120, 20, 97, 96, 28, 34, 129]
  [RCSPP] GA Run 01 | Feasible=True  | Cost=    41.60 | Path: [0, 31, 72, 73, 106, 27, 92, 3, 26, 127, 50, 51, 56, 85, 98, 109, 70, 118, 12, 119, 110, 24, 120, 20, 97, 96, 28, 34, 129]
  [SPP] PSO Run 00 | Feasible=True  | Cost=     2.07 | Path: [0, 21, 72, 73, 106, 27, 92, 3, 26, 127, 50, 77, 56, 85, 98, 109, 70, 118, 12, 119, 110, 24, 120, 20, 97, 96, 28, 121, 129]
  [SPP] PSO Run 01 | Feasible=True  | Cost=     0.23 | Path: [0, 21, 72, 73, 106, 27, 92, 86, 3, 26, 127, 50, 77, 56, 85, 98, 109, 70, 4, 12, 119, 110, 24, 120, 20, 97, 96, 28, 121, 129]
  [RCSPP] PSO Run 00 | Feasible=True  | Cost=    72.55 | Path: [0, 31, 72, 112, 106, 27, 25, 55, 3, 89, 127, 50, 77, 56, 85, 40, 9, 70, 118, 12, 119, 110, 24, 120, 20, 97, 96, 28, 121, 129]
  [RCSPP] PSO Run 01 | Feasible=True  | Cost=    61.15 | Path: [0, 31, 72, 73, 106, 27, 25, 55, 3, 89, 74, 5, 107, 56, 85, 98, 109, 70, 118, 12, 119, 110, 24, 120, 20, 97, 96, 28, 34, 129]
  [SPP] SQA Run 00 | Feasible=True  | Cost=    -5.64 | Path: [0, 21, 72, 73, 106, 27, 92, 86, 3, 26, 127, 50, 77, 56, 85, 40, 9, 87, 43, 80, 119, 103, 71, 66, 84, 90, 34, 129]
  [SPP] SQA Run 01 | Feasible=True  | Cost=   -13.15 | Path: [0, 21, 72, 73, 106, 27, 92, 86, 3, 26, 127, 50, 77, 56, 85, 40, 9, 87, 43, 80, 119, 110, 24, 120, 20, 97, 96, 28, 121, 129]
  [RCSPP] SQA Run 00 | Feasible=False | Cost=   145.01 | Path: [0, 31, 72, 112, 106, 114, 101, 35, 86, 3, 26, 127, 50, 77, 56, 85, 98, 109, 70, 19, 119, 103, 71, 97, 96, 93, 95, 129]
  [RCSPP] SQA Run 01 | Feasible=False | Cost=    46.70 | Path: [0, 31, 72, 73, 106, 27, 92, 3, 89, 127, 50, 77, 56, 85, 40, 9, 87, 43, 12, 119, 103, 39, 32, 66, 84, 90, 34, 129]

Graph Size: 140 Nodes | File: graph_140.json
  -> Exact SPP Path:   [0, 108, 8, 28, 56, 81, 25, 59, 75, 125, 44, 7, 68, 115, 85, 69, 132, 21, 117, 91, 26, 137, 114, 98, 58, 27, 80, 101, 93, 105, 110, 71, 73, 139] (Cost: -8.84)
  -> Exact RCSPP Path: [0, 108, 8, 28, 56, 81, 25, 59, 75, 125, 44, 7, 68, 115, 85, 69, 76, 43, 121, 60, 31, 98, 58, 27, 80, 101, 93, 105, 110, 71, 73, 139] (Cost: -1.05)
  [SPP] GA Run 00 | Feasible=True  | Cost=    -2.81 | Path: [0, 108, 8, 28, 56, 81, 25, 59, 75, 125, 44, 7, 68, 115, 85, 69, 76, 43, 121, 60, 31, 114, 98, 58, 27, 80, 101, 93, 110, 71, 73, 139]
  [SPP] GA Run 01 | Feasible=True  | Cost=    -2.81 | Path: [0, 108, 8, 28, 56, 81, 25, 59, 75, 125, 44, 7, 68, 115, 85, 69, 76, 43, 121, 60, 31, 114, 98, 58, 27, 80, 101, 93, 110, 71, 73, 139]
  [RCSPP] GA Run 00 | Feasible=True  | Cost=    68.63 | Path: [0, 108, 8, 28, 56, 81, 25, 59, 75, 125, 44, 7, 19, 14, 96, 85, 70, 5, 43, 121, 136, 137, 114, 98, 58, 27, 80, 101, 93, 105, 110, 71, 73, 139]
  [RCSPP] GA Run 01 | Feasible=True  | Cost=     8.88 | Path: [0, 108, 8, 28, 13, 81, 25, 59, 75, 125, 44, 7, 68, 115, 85, 69, 76, 43, 121, 136, 137, 114, 98, 58, 27, 80, 101, 93, 105, 15, 71, 73, 139]
  [SPP] PSO Run 00 | Feasible=True  | Cost=    67.68 | Path: [0, 108, 8, 28, 56, 81, 6, 59, 75, 125, 97, 7, 68, 115, 85, 70, 64, 87, 43, 121, 60, 2, 114, 98, 37, 27, 80, 101, 93, 105, 15, 71, 73, 139]
  [SPP] PSO Run 01 | Feasible=True  | Cost=    28.86 | Path: [0, 108, 8, 28, 56, 81, 25, 59, 75, 125, 97, 7, 68, 115, 85, 69, 76, 43, 121, 136, 137, 114, 98, 58, 27, 80, 101, 79, 110, 71, 73, 139]
  [RCSPP] PSO Run 00 | Feasible=True  | Cost=   106.51 | Path: [0, 108, 8, 118, 56, 81, 25, 59, 75, 125, 44, 7, 19, 14, 96, 85, 69, 76, 43, 121, 60, 131, 114, 98, 65, 27, 92, 101, 93, 110, 71, 73, 139]
  [RCSPP] PSO Run 01 | Feasible=True  | Cost=    36.31 | Path: [0, 108, 8, 28, 13, 120, 25, 59, 75, 125, 44, 7, 68, 115, 85, 69, 76, 43, 121, 60, 31, 114, 98, 65, 27, 80, 101, 93, 105, 15, 71, 73, 139]
  [SPP] SQA Run 00 | Feasible=True  | Cost=    -7.87 | Path: [0, 108, 8, 28, 56, 81, 25, 59, 75, 125, 44, 7, 68, 115, 85, 69, 132, 21, 117, 91, 26, 137, 114, 98, 58, 27, 80, 101, 93, 110, 71, 73, 139]
  [SPP] SQA Run 01 | Feasible=True  | Cost=    -2.81 | Path: [0, 108, 8, 28, 56, 81, 25, 59, 75, 125, 44, 7, 68, 115, 85, 69, 76, 43, 121, 60, 31, 114, 98, 58, 27, 80, 101, 93, 110, 71, 73, 139]
  [RCSPP] SQA Run 00 | Feasible=True  | Cost=    36.89 | Path: [0, 108, 8, 28, 13, 120, 25, 59, 75, 125, 44, 7, 68, 115, 85, 69, 76, 43, 121, 136, 137, 114, 98, 65, 27, 80, 101, 93, 110, 71, 73, 139]
  [RCSPP] SQA Run 01 | Feasible=True  | Cost=    46.33 | Path: [0, 108, 8, 28, 13, 81, 25, 88, 90, 61, 107, 68, 115, 85, 70, 64, 87, 43, 121, 60, 31, 98, 58, 27, 80, 101, 93, 110, 71, 72, 139]

Graph Size: 150 Nodes | File: graph_150.json
  -> Exact SPP Path:   [0, 57, 130, 136, 49, 38, 21, 37, 97, 64, 12, 121, 27, 77, 108, 146, 81, 11, 142, 88, 72, 16, 4, 125, 2, 83, 34, 25, 123, 87, 89, 149] (Cost: 9.38)
  -> Exact RCSPP Path: [0, 57, 130, 136, 49, 14, 148, 22, 104, 126, 64, 56, 121, 27, 77, 108, 146, 81, 11, 142, 88, 72, 16, 4, 125, 2, 18, 112, 85, 26, 47, 89, 149] (Cost: 26.22)
  [SPP] GA Run 00 | Feasible=True  | Cost=    22.59 | Path: [0, 57, 130, 136, 49, 38, 21, 37, 97, 64, 12, 121, 27, 77, 108, 146, 81, 11, 86, 139, 102, 33, 43, 125, 2, 83, 34, 25, 123, 87, 89, 149]
  [SPP] GA Run 01 | Feasible=True  | Cost=    22.59 | Path: [0, 57, 130, 136, 49, 38, 21, 37, 97, 64, 12, 121, 27, 77, 108, 146, 81, 11, 86, 139, 102, 33, 43, 125, 2, 83, 34, 25, 123, 87, 89, 149]
  [RCSPP] GA Run 00 | Feasible=True  | Cost=    55.40 | Path: [0, 147, 28, 61, 138, 113, 38, 21, 37, 97, 64, 12, 121, 27, 94, 66, 143, 81, 11, 142, 102, 33, 43, 125, 58, 112, 34, 25, 123, 87, 89, 149]
  [RCSPP] GA Run 01 | Feasible=True  | Cost=    47.11 | Path: [0, 57, 130, 136, 49, 14, 148, 60, 62, 97, 64, 12, 121, 27, 94, 108, 146, 81, 11, 142, 102, 33, 43, 125, 58, 112, 34, 25, 123, 87, 89, 149]
  [SPP] PSO Run 00 | Feasible=True  | Cost=    24.34 | Path: [0, 57, 130, 136, 49, 38, 21, 37, 97, 64, 12, 121, 27, 77, 108, 146, 81, 11, 142, 88, 72, 16, 4, 125, 2, 83, 15, 29, 10, 90, 47, 89, 149]
  [SPP] PSO Run 01 | Feasible=True  | Cost=    67.95 | Path: [0, 57, 67, 136, 49, 14, 148, 60, 62, 97, 64, 12, 96, 91, 27, 77, 108, 146, 81, 11, 142, 88, 72, 16, 4, 125, 58, 112, 85, 26, 47, 89, 149]
  [RCSPP] PSO Run 00 | Feasible=True  | Cost=    64.85 | Path: [0, 57, 130, 136, 49, 140, 148, 60, 62, 97, 64, 56, 121, 27, 77, 108, 146, 81, 11, 142, 102, 33, 43, 125, 58, 112, 34, 25, 123, 87, 89, 149]
  [RCSPP] PSO Run 01 | Feasible=True  | Cost=    72.01 | Path: [0, 147, 28, 61, 138, 113, 38, 21, 126, 12, 121, 27, 77, 108, 30, 81, 11, 142, 102, 33, 43, 125, 2, 18, 112, 34, 25, 123, 87, 89, 149]
  [SPP] SQA Run 00 | Feasible=True  | Cost=    12.27 | Path: [0, 57, 130, 136, 49, 38, 21, 37, 97, 64, 12, 121, 27, 77, 108, 146, 81, 11, 142, 88, 72, 16, 4, 125, 2, 18, 112, 85, 26, 47, 89, 149]
  [SPP] SQA Run 01 | Feasible=True  | Cost=    19.36 | Path: [0, 57, 130, 136, 49, 14, 148, 22, 104, 126, 64, 12, 121, 27, 77, 108, 146, 81, 11, 142, 88, 72, 16, 4, 125, 2, 83, 34, 25, 123, 87, 89, 149]
  [RCSPP] SQA Run 00 | Feasible=True  | Cost=    52.81 | Path: [0, 57, 130, 136, 49, 14, 148, 22, 104, 126, 12, 121, 27, 77, 108, 146, 81, 11, 86, 139, 102, 33, 43, 125, 58, 112, 85, 26, 47, 73, 149]
  [RCSPP] SQA Run 01 | Feasible=True  | Cost=    37.31 | Path: [0, 57, 130, 136, 49, 14, 148, 60, 62, 97, 64, 56, 121, 27, 8, 66, 143, 81, 11, 142, 88, 72, 16, 4, 125, 58, 112, 34, 25, 123, 87, 89, 149]

Graph Size: 20 Nodes | File: graph_20.json
  -> Exact SPP Path:   [0, 9, 6, 16, 19] (Cost: -10.65)
  -> Exact RCSPP Path: [0, 14, 6, 16, 19] (Cost: 0.07)
  [SPP] GA Run 00 | Feasible=True  | Cost=   -10.65 | Path: [0, 9, 6, 16, 19]
  [SPP] GA Run 01 | Feasible=True  | Cost=   -10.65 | Path: [0, 9, 6, 16, 19]
  [RCSPP] GA Run 00 | Feasible=True  | Cost=     0.07 | Path: [0, 14, 6, 16, 19]
  [RCSPP] GA Run 01 | Feasible=True  | Cost=     0.07 | Path: [0, 14, 6, 16, 19]
  [SPP] PSO Run 00 | Feasible=True  | Cost=   -10.65 | Path: [0, 9, 6, 16, 19]
  [SPP] PSO Run 01 | Feasible=True  | Cost=   -10.65 | Path: [0, 9, 6, 16, 19]
  [RCSPP] PSO Run 00 | Feasible=True  | Cost=     0.07 | Path: [0, 14, 6, 16, 19]
  [RCSPP] PSO Run 01 | Feasible=True  | Cost=     0.07 | Path: [0, 14, 6, 16, 19]
  [SPP] SQA Run 00 | Feasible=True  | Cost=   -10.65 | Path: [0, 9, 6, 16, 19]
  [SPP] SQA Run 01 | Feasible=True  | Cost=   -10.65 | Path: [0, 9, 6, 16, 19]
  [RCSPP] SQA Run 00 | Feasible=True  | Cost=     0.07 | Path: [0, 14, 6, 16, 19]
  [RCSPP] SQA Run 01 | Feasible=True  | Cost=     0.07 | Path: [0, 14, 6, 16, 19]

Graph Size: 200 Nodes | File: graph_200.json
  -> Exact SPP Path:   [0, 55, 52, 114, 34, 24, 152, 177, 139, 131, 188, 104, 183, 32, 17, 192, 153, 147, 57, 184, 45, 4, 75, 193, 174, 83, 135, 29, 137, 86, 150, 35, 197, 140, 109, 143, 180, 14, 81, 136, 26, 171, 28, 121, 185, 71, 162, 199] (Cost: 13.02)
  -> Exact RCSPP Path: [0, 55, 52, 114, 34, 24, 77, 98, 139, 131, 188, 104, 183, 32, 17, 192, 153, 147, 57, 184, 45, 4, 75, 193, 174, 83, 135, 29, 137, 86, 150, 35, 197, 140, 109, 143, 128, 44, 196, 136, 26, 171, 28, 121, 185, 71, 162, 199] (Cost: 23.34)
  [SPP] GA Run 00 | Feasible=True  | Cost=    37.67 | Path: [0, 55, 93, 37, 95, 166, 152, 69, 89, 58, 188, 104, 183, 32, 17, 192, 153, 38, 154, 117, 45, 4, 75, 193, 174, 83, 135, 29, 137, 86, 150, 35, 197, 140, 109, 143, 180, 14, 81, 136, 26, 171, 28, 121, 185, 71, 162, 199]
  [SPP] GA Run 01 | Feasible=True  | Cost=    23.34 | Path: [0, 55, 52, 114, 11, 156, 139, 131, 188, 104, 183, 32, 17, 192, 153, 147, 57, 184, 45, 4, 75, 193, 174, 83, 135, 29, 137, 86, 150, 35, 197, 140, 109, 143, 180, 14, 81, 136, 26, 171, 28, 121, 185, 71, 162, 199]
  [RCSPP] GA Run 00 | Feasible=True  | Cost=    37.61 | Path: [0, 55, 52, 114, 11, 156, 139, 131, 188, 104, 183, 32, 17, 103, 159, 113, 57, 184, 45, 4, 75, 193, 174, 83, 135, 29, 137, 86, 150, 35, 197, 140, 109, 143, 128, 44, 196, 136, 26, 171, 28, 121, 185, 71, 162, 199]
  [RCSPP] GA Run 01 | Feasible=True  | Cost=    87.56 | Path: [0, 55, 52, 114, 34, 24, 77, 69, 139, 131, 133, 43, 183, 32, 169, 159, 113, 57, 184, 45, 4, 157, 90, 194, 59, 102, 42, 56, 150, 35, 197, 140, 109, 143, 180, 196, 136, 26, 171, 28, 121, 185, 71, 162, 199]
  [SPP] PSO Run 00 | Feasible=True  | Cost=   108.40 | Path: [0, 55, 52, 114, 34, 24, 77, 98, 139, 131, 188, 104, 183, 32, 169, 103, 159, 113, 57, 184, 132, 4, 157, 108, 194, 59, 135, 29, 137, 86, 150, 35, 197, 62, 109, 143, 134, 44, 196, 136, 26, 171, 28, 164, 155, 149, 162, 199]
  [SPP] PSO Run 01 | Feasible=True  | Cost=    85.85 | Path: [0, 55, 93, 37, 95, 166, 152, 177, 139, 131, 188, 104, 183, 32, 17, 94, 48, 20, 51, 184, 45, 4, 157, 90, 194, 59, 135, 29, 137, 86, 150, 35, 197, 140, 109, 143, 128, 44, 196, 136, 187, 145, 28, 164, 155, 149, 162, 199]
  [RCSPP] PSO Run 00 | Feasible=True  | Cost=   146.21 | Path: [0, 55, 52, 114, 11, 156, 139, 97, 188, 104, 183, 32, 169, 159, 113, 57, 184, 148, 64, 157, 108, 194, 59, 102, 42, 68, 36, 182, 181, 109, 143, 128, 44, 196, 136, 26, 171, 28, 121, 185, 71, 162, 199]
  [RCSPP] PSO Run 01 | Feasible=True  | Cost=   104.88 | Path: [0, 55, 52, 114, 11, 156, 139, 127, 133, 43, 183, 32, 17, 103, 159, 113, 57, 184, 45, 4, 75, 193, 174, 83, 135, 102, 42, 186, 150, 35, 197, 140, 109, 143, 180, 196, 136, 26, 171, 28, 164, 155, 149, 162, 199]
  [SPP] SQA Run 00 | Feasible=True  | Cost=    51.30 | Path: [0, 55, 52, 114, 11, 152, 69, 139, 131, 188, 104, 183, 32, 17, 192, 153, 147, 57, 184, 45, 4, 75, 108, 194, 59, 135, 102, 42, 56, 150, 35, 197, 140, 109, 143, 180, 196, 136, 26, 171, 28, 121, 185, 71, 162, 199]
  [SPP] SQA Run 01 | Feasible=True  | Cost=    45.11 | Path: [0, 55, 52, 114, 34, 24, 152, 69, 139, 131, 188, 104, 183, 32, 17, 192, 153, 147, 57, 184, 45, 4, 75, 108, 12, 39, 195, 6, 144, 80, 197, 140, 109, 143, 180, 196, 136, 26, 171, 28, 121, 185, 71, 162, 199]
  [RCSPP] SQA Run 00 | Feasible=True  | Cost=    62.69 | Path: [0, 55, 52, 114, 34, 24, 77, 98, 139, 131, 188, 104, 183, 32, 17, 103, 159, 113, 57, 184, 45, 4, 75, 193, 123, 83, 135, 29, 137, 86, 150, 35, 197, 140, 109, 143, 180, 14, 81, 136, 26, 171, 28, 164, 155, 149, 162, 199]
  [RCSPP] SQA Run 01 | Feasible=True  | Cost=    44.69 | Path: [0, 55, 52, 114, 34, 24, 77, 98, 139, 131, 133, 126, 183, 32, 17, 192, 153, 147, 57, 184, 45, 4, 75, 193, 174, 83, 135, 29, 137, 86, 150, 35, 197, 140, 109, 143, 128, 44, 196, 136, 26, 171, 28, 121, 185, 71, 162, 199]

Graph Size: 30 Nodes | File: graph_30.json
  -> Exact SPP Path:   [0, 1, 23, 20, 26, 29] (Cost: 13.91)
  -> Exact RCSPP Path: [0, 1, 23, 20, 19, 29] (Cost: 16.77)
  [SPP] GA Run 00 | Feasible=True  | Cost=    13.91 | Path: [0, 1, 23, 20, 26, 29]
  [SPP] GA Run 01 | Feasible=True  | Cost=    13.91 | Path: [0, 1, 23, 20, 26, 29]
  [RCSPP] GA Run 00 | Feasible=True  | Cost=    16.77 | Path: [0, 1, 23, 20, 19, 29]
  [RCSPP] GA Run 01 | Feasible=True  | Cost=    16.77 | Path: [0, 1, 23, 20, 19, 29]
  [SPP] PSO Run 00 | Feasible=True  | Cost=    13.91 | Path: [0, 1, 23, 20, 26, 29]
  [SPP] PSO Run 01 | Feasible=True  | Cost=    13.91 | Path: [0, 1, 23, 20, 26, 29]
  [RCSPP] PSO Run 00 | Feasible=True  | Cost=    16.77 | Path: [0, 1, 23, 20, 19, 29]
  [RCSPP] PSO Run 01 | Feasible=True  | Cost=    16.77 | Path: [0, 1, 23, 20, 19, 29]
  [SPP] SQA Run 00 | Feasible=True  | Cost=    13.91 | Path: [0, 1, 23, 20, 26, 29]
  [SPP] SQA Run 01 | Feasible=True  | Cost=    13.91 | Path: [0, 1, 23, 20, 26, 29]
  [RCSPP] SQA Run 00 | Feasible=True  | Cost=    16.77 | Path: [0, 1, 23, 20, 19, 29]
  [RCSPP] SQA Run 01 | Feasible=True  | Cost=    16.77 | Path: [0, 1, 23, 20, 19, 29]

Graph Size: 40 Nodes | File: graph_40.json
  -> Exact SPP Path:   [0, 6, 8, 34, 28, 24, 30, 2, 13, 39] (Cost: 24.82)
  -> Exact RCSPP Path: [0, 6, 1, 33, 28, 24, 30, 14, 11, 39] (Cost: 48.65)
  [SPP] GA Run 00 | Feasible=True  | Cost=    24.82 | Path: [0, 6, 8, 34, 28, 24, 30, 2, 13, 39]
  [SPP] GA Run 01 | Feasible=True  | Cost=    24.82 | Path: [0, 6, 8, 34, 28, 24, 30, 2, 13, 39]
  [RCSPP] GA Run 00 | Feasible=True  | Cost=    48.65 | Path: [0, 6, 1, 33, 28, 24, 30, 14, 11, 39]
  [RCSPP] GA Run 01 | Feasible=True  | Cost=    48.65 | Path: [0, 6, 1, 33, 28, 24, 30, 14, 11, 39]
  [SPP] PSO Run 00 | Feasible=True  | Cost=    24.82 | Path: [0, 6, 8, 34, 28, 24, 30, 2, 13, 39]
  [SPP] PSO Run 01 | Feasible=True  | Cost=    24.82 | Path: [0, 6, 8, 34, 28, 24, 30, 2, 13, 39]
  [RCSPP] PSO Run 00 | Feasible=True  | Cost=    48.65 | Path: [0, 6, 1, 33, 28, 24, 30, 14, 11, 39]
  [RCSPP] PSO Run 01 | Feasible=True  | Cost=    56.31 | Path: [0, 6, 1, 34, 28, 24, 30, 2, 17, 39]
  [SPP] SQA Run 00 | Feasible=True  | Cost=    24.82 | Path: [0, 6, 8, 34, 28, 24, 30, 2, 13, 39]
  [SPP] SQA Run 01 | Feasible=True  | Cost=    24.82 | Path: [0, 6, 8, 34, 28, 24, 30, 2, 13, 39]
  [RCSPP] SQA Run 00 | Feasible=True  | Cost=    48.65 | Path: [0, 6, 1, 33, 28, 24, 30, 14, 11, 39]
  [RCSPP] SQA Run 01 | Feasible=True  | Cost=    48.65 | Path: [0, 6, 1, 33, 28, 24, 30, 14, 11, 39]

Graph Size: 5 Nodes | File: graph_5.json
  -> Exact SPP Path:   [0, 1, 4] (Cost: 8.34)
  -> Exact RCSPP Path: [0, 1, 4] (Cost: 8.34)
  [SPP] GA Run 00 | Feasible=True  | Cost=     8.34 | Path: [0, 1, 4]
  [SPP] GA Run 01 | Feasible=True  | Cost=     8.34 | Path: [0, 1, 4]
  [RCSPP] GA Run 00 | Feasible=True  | Cost=     8.34 | Path: [0, 1, 4]
  [RCSPP] GA Run 01 | Feasible=True  | Cost=     8.34 | Path: [0, 1, 4]
  [SPP] PSO Run 00 | Feasible=True  | Cost=     8.34 | Path: [0, 1, 4]
  [SPP] PSO Run 01 | Feasible=True  | Cost=     8.34 | Path: [0, 1, 4]
  [RCSPP] PSO Run 00 | Feasible=True  | Cost=     8.34 | Path: [0, 1, 4]
  [RCSPP] PSO Run 01 | Feasible=True  | Cost=     8.34 | Path: [0, 1, 4]
  [SPP] SQA Run 00 | Feasible=True  | Cost=     8.34 | Path: [0, 1, 4]
  [SPP] SQA Run 01 | Feasible=True  | Cost=     8.34 | Path: [0, 1, 4]
  [RCSPP] SQA Run 00 | Feasible=True  | Cost=     8.34 | Path: [0, 1, 4]
  [RCSPP] SQA Run 01 | Feasible=True  | Cost=     8.34 | Path: [0, 1, 4]

Graph Size: 50 Nodes | File: graph_50.json
  -> Exact SPP Path:   [0, 9, 10, 23, 11, 38, 6, 28, 12, 49] (Cost: 30.96)
  -> Exact RCSPP Path: [0, 17, 2, 18, 11, 38, 6, 28, 12, 49] (Cost: 38.21)
  [SPP] GA Run 00 | Feasible=True  | Cost=    30.96 | Path: [0, 9, 10, 23, 11, 38, 6, 28, 12, 49]
  [SPP] GA Run 01 | Feasible=True  | Cost=    30.96 | Path: [0, 9, 10, 23, 11, 38, 6, 28, 12, 49]
  [RCSPP] GA Run 00 | Feasible=True  | Cost=    38.21 | Path: [0, 17, 2, 18, 11, 38, 6, 28, 12, 49]
  [RCSPP] GA Run 01 | Feasible=True  | Cost=    38.21 | Path: [0, 17, 2, 18, 11, 38, 6, 28, 12, 49]
  [SPP] PSO Run 00 | Feasible=True  | Cost=    30.96 | Path: [0, 9, 10, 23, 11, 38, 6, 28, 12, 49]
  [SPP] PSO Run 01 | Feasible=True  | Cost=    39.10 | Path: [0, 9, 10, 23, 11, 15, 32, 5, 37, 40, 12, 49]
  [RCSPP] PSO Run 00 | Feasible=True  | Cost=    38.21 | Path: [0, 17, 2, 18, 11, 38, 6, 28, 12, 49]
  [RCSPP] PSO Run 01 | Feasible=True  | Cost=    38.21 | Path: [0, 17, 2, 18, 11, 38, 6, 28, 12, 49]
  [SPP] SQA Run 00 | Feasible=True  | Cost=    30.96 | Path: [0, 9, 10, 23, 11, 38, 6, 28, 12, 49]
  [SPP] SQA Run 01 | Feasible=True  | Cost=    30.96 | Path: [0, 9, 10, 23, 11, 38, 6, 28, 12, 49]
  [RCSPP] SQA Run 00 | Feasible=True  | Cost=    38.21 | Path: [0, 17, 2, 18, 11, 38, 6, 28, 12, 49]
  [RCSPP] SQA Run 01 | Feasible=True  | Cost=    38.21 | Path: [0, 17, 2, 18, 11, 38, 6, 28, 12, 49]

Graph Size: 60 Nodes | File: graph_60.json
  -> Exact SPP Path:   [0, 57, 40, 30, 43, 23, 1, 34, 46, 9, 32, 14, 51, 7, 59] (Cost: 1.03)
  -> Exact RCSPP Path: [0, 57, 40, 30, 43, 23, 1, 34, 46, 9, 32, 38, 51, 10, 59] (Cost: 18.17)
  [SPP] GA Run 00 | Feasible=True  | Cost=     1.03 | Path: [0, 57, 40, 30, 43, 23, 1, 34, 46, 9, 32, 14, 51, 7, 59]
  [SPP] GA Run 01 | Feasible=True  | Cost=     1.03 | Path: [0, 57, 40, 30, 43, 23, 1, 34, 46, 9, 32, 14, 51, 7, 59]
  [RCSPP] GA Run 00 | Feasible=True  | Cost=    19.30 | Path: [0, 57, 40, 30, 6, 20, 27, 8, 46, 9, 32, 38, 51, 7, 59]
  [RCSPP] GA Run 01 | Feasible=True  | Cost=    20.38 | Path: [0, 57, 40, 30, 6, 20, 27, 34, 46, 9, 32, 38, 51, 10, 59]
  [SPP] PSO Run 00 | Feasible=True  | Cost=     1.03 | Path: [0, 57, 40, 30, 43, 23, 1, 34, 46, 9, 32, 14, 51, 7, 59]
  [SPP] PSO Run 01 | Feasible=True  | Cost=    14.18 | Path: [0, 2, 30, 6, 20, 49, 8, 46, 9, 32, 14, 51, 7, 59]
  [RCSPP] PSO Run 00 | Feasible=True  | Cost=    18.17 | Path: [0, 57, 40, 30, 43, 23, 1, 34, 46, 9, 32, 38, 51, 10, 59]
  [RCSPP] PSO Run 01 | Feasible=True  | Cost=    28.83 | Path: [0, 57, 40, 30, 43, 23, 34, 46, 9, 32, 38, 51, 7, 59]
  [SPP] SQA Run 00 | Feasible=True  | Cost=     1.03 | Path: [0, 57, 40, 30, 43, 23, 1, 34, 46, 9, 32, 14, 51, 7, 59]
  [SPP] SQA Run 01 | Feasible=True  | Cost=     1.03 | Path: [0, 57, 40, 30, 43, 23, 1, 34, 46, 9, 32, 14, 51, 7, 59]
  [RCSPP] SQA Run 00 | Feasible=True  | Cost=    18.17 | Path: [0, 57, 40, 30, 43, 23, 1, 34, 46, 9, 32, 38, 51, 10, 59]
  [RCSPP] SQA Run 01 | Feasible=True  | Cost=    18.17 | Path: [0, 57, 40, 30, 43, 23, 1, 34, 46, 9, 32, 38, 51, 10, 59]

Graph Size: 70 Nodes | File: graph_70.json
  -> Exact SPP Path:   [0, 36, 40, 26, 10, 45, 32, 50, 61, 4, 51, 15, 29, 48, 38, 34, 69] (Cost: 44.29)
  -> Exact RCSPP Path: [0, 36, 40, 25, 62, 58, 32, 50, 61, 4, 51, 15, 29, 48, 38, 34, 69] (Cost: 50.54)
  [SPP] GA Run 00 | Feasible=True  | Cost=    51.68 | Path: [0, 36, 40, 26, 10, 3, 50, 61, 4, 51, 15, 29, 63, 7, 5, 69]
  [SPP] GA Run 01 | Feasible=True  | Cost=    44.29 | Path: [0, 36, 40, 26, 10, 45, 32, 50, 61, 4, 51, 15, 29, 48, 38, 34, 69]
  [RCSPP] GA Run 00 | Feasible=True  | Cost=    50.54 | Path: [0, 36, 40, 25, 62, 58, 32, 50, 61, 4, 51, 15, 29, 48, 38, 34, 69]
  [RCSPP] GA Run 01 | Feasible=True  | Cost=    50.54 | Path: [0, 36, 40, 25, 62, 58, 32, 50, 61, 4, 51, 15, 29, 48, 38, 34, 69]
  [SPP] PSO Run 00 | Feasible=True  | Cost=    46.58 | Path: [0, 36, 40, 26, 10, 13, 32, 50, 61, 4, 51, 15, 29, 48, 38, 34, 69]
  [SPP] PSO Run 01 | Feasible=True  | Cost=    49.51 | Path: [0, 36, 40, 26, 10, 45, 32, 50, 61, 4, 51, 15, 29, 63, 7, 5, 69]
  [RCSPP] PSO Run 00 | Feasible=True  | Cost=    63.17 | Path: [0, 36, 40, 25, 62, 6, 3, 66, 61, 4, 51, 15, 29, 63, 7, 5, 69]
  [RCSPP] PSO Run 01 | Feasible=True  | Cost=    50.54 | Path: [0, 36, 40, 25, 62, 58, 32, 50, 61, 4, 51, 15, 29, 48, 38, 34, 69]
  [SPP] SQA Run 00 | Feasible=True  | Cost=    44.29 | Path: [0, 36, 40, 26, 10, 45, 32, 50, 61, 4, 51, 15, 29, 48, 38, 34, 69]
  [SPP] SQA Run 01 | Feasible=True  | Cost=    44.29 | Path: [0, 36, 40, 26, 10, 45, 32, 50, 61, 4, 51, 15, 29, 48, 38, 34, 69]
  [RCSPP] SQA Run 00 | Feasible=True  | Cost=    50.54 | Path: [0, 36, 40, 25, 62, 58, 32, 50, 61, 4, 51, 15, 29, 48, 38, 34, 69]
  [RCSPP] SQA Run 01 | Feasible=True  | Cost=    50.54 | Path: [0, 36, 40, 25, 62, 58, 32, 50, 61, 4, 51, 15, 29, 48, 38, 34, 69]

Graph Size: 80 Nodes | File: graph_80.json
  -> Exact SPP Path:   [0, 30, 77, 59, 54, 32, 61, 4, 12, 27, 57, 8, 26, 68, 20, 56, 38, 79] (Cost: 47.33)
  -> Exact RCSPP Path: [0, 30, 77, 59, 54, 32, 61, 4, 12, 27, 57, 18, 74, 9, 33, 29, 38, 79] (Cost: 54.34)
  [SPP] GA Run 00 | Feasible=True  | Cost=    50.58 | Path: [0, 30, 77, 59, 54, 40, 43, 61, 4, 12, 27, 57, 18, 74, 9, 33, 29, 72, 79]
  [SPP] GA Run 01 | Feasible=True  | Cost=    47.33 | Path: [0, 30, 77, 59, 54, 32, 61, 4, 12, 27, 57, 8, 26, 68, 20, 56, 38, 79]
  [RCSPP] GA Run 00 | Feasible=True  | Cost=    54.92 | Path: [0, 30, 77, 59, 54, 32, 61, 4, 12, 27, 57, 18, 60, 68, 20, 56, 38, 79]
  [RCSPP] GA Run 01 | Feasible=True  | Cost=    64.71 | Path: [0, 66, 14, 28, 54, 32, 61, 4, 12, 27, 57, 8, 26, 68, 20, 56, 38, 79]
  [SPP] PSO Run 00 | Feasible=True  | Cost=    47.33 | Path: [0, 30, 77, 59, 54, 32, 61, 4, 12, 27, 57, 8, 26, 68, 20, 56, 38, 79]
  [SPP] PSO Run 01 | Feasible=True  | Cost=    49.33 | Path: [0, 30, 77, 59, 54, 32, 61, 4, 12, 27, 57, 18, 74, 9, 33, 29, 72, 79]
  [RCSPP] PSO Run 00 | Feasible=True  | Cost=    81.20 | Path: [0, 66, 14, 28, 54, 32, 61, 4, 12, 27, 57, 18, 74, 68, 20, 56, 38, 79]
  [RCSPP] PSO Run 01 | Feasible=True  | Cost=    54.92 | Path: [0, 30, 77, 59, 54, 32, 61, 4, 12, 27, 57, 18, 60, 68, 20, 56, 38, 79]
  [SPP] SQA Run 00 | Feasible=True  | Cost=    49.48 | Path: [0, 30, 77, 59, 54, 32, 11, 67, 12, 27, 57, 18, 74, 9, 33, 29, 72, 79]
  [SPP] SQA Run 01 | Feasible=True  | Cost=    47.33 | Path: [0, 30, 77, 59, 54, 32, 61, 4, 12, 27, 57, 8, 26, 68, 20, 56, 38, 79]
  [RCSPP] SQA Run 00 | Feasible=True  | Cost=    54.49 | Path: [0, 30, 77, 59, 54, 32, 11, 67, 12, 27, 57, 18, 74, 9, 33, 29, 38, 79]
  [RCSPP] SQA Run 01 | Feasible=True  | Cost=    72.45 | Path: [0, 66, 14, 28, 54, 32, 11, 67, 12, 27, 57, 18, 60, 68, 20, 56, 38, 79]

Graph Size: 90 Nodes | File: graph_90.json
  -> Exact SPP Path:   [0, 70, 31, 18, 8, 49, 34, 44, 13, 62, 55, 29, 72, 80, 57, 26, 73, 78, 58, 20, 53, 89] (Cost: 0.10)
  -> Exact RCSPP Path: [0, 70, 31, 18, 6, 14, 45, 54, 88, 55, 79, 76, 80, 57, 26, 73, 69, 19, 52, 89] (Cost: 10.54)
  [SPP] GA Run 00 | Feasible=True  | Cost=     0.96 | Path: [0, 70, 31, 18, 8, 49, 34, 44, 13, 62, 55, 29, 72, 80, 57, 26, 73, 69, 19, 52, 89]
  [SPP] GA Run 01 | Feasible=True  | Cost=     1.31 | Path: [0, 70, 31, 18, 6, 14, 45, 54, 88, 55, 29, 72, 80, 57, 26, 73, 78, 58, 20, 53, 89]
  [RCSPP] GA Run 00 | Feasible=True  | Cost=    21.68 | Path: [0, 70, 31, 8, 49, 34, 66, 86, 21, 55, 29, 72, 80, 57, 26, 73, 69, 19, 52, 89]
  [RCSPP] GA Run 01 | Feasible=True  | Cost=    21.68 | Path: [0, 70, 31, 8, 49, 34, 66, 86, 21, 55, 29, 72, 80, 57, 26, 73, 69, 19, 52, 89]
  [SPP] PSO Run 00 | Feasible=True  | Cost=    27.08 | Path: [0, 70, 31, 18, 6, 14, 45, 54, 88, 55, 29, 72, 80, 65, 2, 73, 69, 19, 53, 89]
  [SPP] PSO Run 01 | Feasible=True  | Cost=    14.57 | Path: [0, 70, 33, 61, 6, 14, 42, 25, 54, 88, 55, 29, 72, 80, 57, 26, 73, 78, 58, 20, 53, 89]
  [RCSPP] PSO Run 00 | Feasible=True  | Cost=    46.45 | Path: [0, 70, 31, 18, 8, 49, 34, 66, 86, 21, 55, 29, 17, 37, 65, 75, 78, 58, 20, 53, 89]
  [RCSPP] PSO Run 01 | Feasible=True  | Cost=    32.10 | Path: [0, 70, 31, 18, 8, 49, 66, 86, 21, 55, 29, 17, 80, 57, 26, 73, 69, 19, 52, 89]
  [SPP] SQA Run 00 | Feasible=True  | Cost=     1.31 | Path: [0, 70, 31, 18, 6, 14, 45, 54, 88, 55, 29, 72, 80, 57, 26, 73, 78, 58, 20, 53, 89]
  [SPP] SQA Run 01 | Feasible=True  | Cost=     1.31 | Path: [0, 70, 31, 18, 6, 14, 45, 54, 88, 55, 29, 72, 80, 57, 26, 73, 78, 58, 20, 53, 89]
  [RCSPP] SQA Run 00 | Feasible=True  | Cost=    16.25 | Path: [0, 70, 33, 61, 6, 14, 45, 54, 88, 55, 79, 76, 80, 57, 26, 73, 78, 69, 19, 52, 89]
  [RCSPP] SQA Run 01 | Feasible=True  | Cost=    10.54 | Path: [0, 70, 31, 18, 6, 14, 45, 54, 88, 55, 79, 76, 80, 57, 26, 73, 69, 19, 52, 89]
