=== MANUAL PATH SEQUENCES COMPARISON LOG ===


Graph Size: 300 Nodes | File: graph_300.json
  -> Exact SPP Path:   [0, 294, 3, 146, 250, 71, 255, 172, 110, 47, 259, 45, 37, 234, 73, 113, 88, 285, 219, 247, 85, 287, 201, 236, 18, 225, 288, 23, 127, 292, 104, 227, 252, 170, 61, 129, 149, 138, 280, 160, 186, 107, 1, 106, 281, 12, 196, 226, 141, 87, 78, 36, 240, 256, 63, 205, 64, 143, 273, 209, 68, 200, 242, 93, 299] (Cost: -52.49)
  -> Exact RCSPP Path: [0, 294, 3, 146, 250, 71, 255, 172, 110, 47, 259, 45, 37, 234, 73, 113, 88, 285, 219, 247, 85, 287, 201, 236, 18, 225, 288, 23, 127, 292, 104, 227, 252, 170, 61, 129, 149, 138, 280, 160, 186, 107, 1, 106, 281, 12, 196, 226, 141, 87, 78, 36, 240, 256, 63, 205, 64, 143, 273, 209, 68, 200, 242, 93, 299] (Cost: -52.49)
  [SPP] GA Run 00 | Feasible=True  | Cost=   -28.27 | Path: [0, 294, 3, 146, 250, 71, 255, 46, 125, 47, 259, 45, 37, 234, 73, 113, 88, 285, 219, 247, 85, 287, 201, 236, 18, 225, 288, 23, 127, 292, 104, 227, 252, 170, 61, 190, 239, 260, 152, 280, 160, 186, 107, 1, 106, 281, 12, 196, 226, 141, 87, 78, 36, 240, 30, 256, 86, 48, 189, 143, 273, 209, 68, 200, 242, 93, 299]
  [RCSPP] GA Run 00 | Feasible=True  | Cost=    31.29 | Path: [0, 294, 3, 146, 250, 71, 255, 46, 125, 16, 187, 259, 276, 155, 286, 269, 271, 113, 88, 285, 219, 247, 85, 287, 201, 236, 18, 225, 288, 23, 127, 292, 104, 227, 252, 170, 61, 190, 239, 260, 152, 280, 160, 121, 114, 1, 150, 151, 266, 196, 226, 141, 210, 78, 36, 240, 256, 63, 205, 143, 273, 209, 68, 200, 242, 93, 299]
  [SPP] PSO Run 00 | Feasible=True  | Cost=   234.07 | Path: [0, 294, 3, 146, 111, 80, 112, 46, 125, 16, 187, 265, 119, 14, 234, 113, 88, 285, 235, 229, 135, 50, 204, 236, 18, 225, 288, 175, 23, 282, 238, 274, 104, 227, 252, 170, 61, 129, 149, 138, 280, 160, 124, 29, 215, 1, 106, 281, 103, 28, 144, 120, 72, 78, 36, 240, 256, 63, 48, 189, 143, 213, 273, 209, 68, 200, 99, 142, 299]
  [RCSPP] PSO Run 00 | Feasible=True  | Cost=   153.91 | Path: [0, 294, 3, 146, 111, 80, 112, 172, 110, 16, 259, 276, 45, 37, 234, 73, 113, 88, 285, 53, 100, 85, 287, 201, 236, 18, 225, 288, 23, 127, 292, 104, 227, 34, 170, 61, 129, 149, 138, 178, 115, 107, 1, 106, 74, 266, 196, 226, 141, 210, 78, 36, 240, 256, 63, 48, 189, 143, 273, 209, 68, 200, 242, 93, 299]
  [SPP] SQA Run 00 | Feasible=True  | Cost=     4.75 | Path: [0, 294, 3, 146, 250, 71, 255, 46, 125, 224, 187, 259, 176, 119, 37, 234, 73, 113, 88, 285, 235, 229, 135, 287, 201, 236, 18, 225, 288, 23, 127, 292, 104, 227, 252, 170, 61, 129, 149, 138, 280, 160, 186, 107, 1, 106, 281, 12, 196, 226, 141, 87, 78, 36, 240, 256, 63, 205, 64, 143, 213, 273, 209, 68, 200, 242, 93, 299]
  [RCSPP] SQA Run 00 | Feasible=True  | Cost=    -2.03 | Path: [0, 294, 3, 146, 250, 71, 255, 172, 110, 47, 259, 45, 37, 234, 73, 113, 88, 285, 219, 247, 85, 2, 201, 236, 18, 225, 288, 23, 282, 238, 274, 104, 227, 252, 170, 61, 129, 149, 138, 280, 160, 186, 107, 1, 106, 281, 12, 196, 226, 195, 184, 78, 36, 240, 30, 256, 63, 48, 189, 143, 213, 182, 209, 68, 200, 242, 93, 299]

Graph Size: 100 Nodes | File: graph_100.json
  -> Exact SPP Path:   [0, 49, 55, 3, 42, 83, 70, 35, 45, 25, 44, 69, 12, 6, 91, 98, 61, 39, 56, 85, 94, 80, 81, 7, 99] (Cost: -37.21)
  -> Exact RCSPP Path: [0, 63, 55, 3, 42, 83, 70, 35, 45, 25, 4, 46, 97, 17, 98, 61, 15, 85, 60, 81, 7, 99] (Cost: 29.31)
  [SPP] GA Run 00 | Feasible=True  | Cost=   -26.03 | Path: [0, 49, 55, 75, 74, 83, 47, 43, 95, 25, 44, 69, 12, 6, 91, 98, 61, 39, 56, 85, 94, 80, 81, 7, 99]
  [RCSPP] GA Run 00 | Feasible=True  | Cost=    35.22 | Path: [0, 63, 55, 75, 74, 83, 70, 35, 72, 41, 46, 97, 17, 98, 61, 15, 85, 60, 81, 7, 99]
  [SPP] PSO Run 00 | Feasible=True  | Cost=   -37.03 | Path: [0, 49, 55, 75, 74, 83, 70, 35, 45, 25, 44, 69, 12, 6, 91, 98, 61, 39, 56, 85, 94, 80, 81, 7, 99]
  [RCSPP] PSO Run 00 | Feasible=True  | Cost=    59.92 | Path: [0, 49, 55, 75, 74, 83, 47, 43, 95, 25, 4, 46, 97, 17, 68, 39, 90, 64, 93, 60, 81, 7, 99]
  [SPP] SQA Run 00 | Feasible=True  | Cost=   -32.64 | Path: [0, 49, 55, 75, 74, 83, 70, 35, 45, 25, 44, 69, 12, 6, 91, 98, 61, 39, 90, 64, 94, 80, 81, 7, 99]
  [RCSPP] SQA Run 00 | Feasible=False | Cost=    76.38 | Path: [0, 63, 55, 75, 89, 84, 70, 35, 95, 72, 86, 29, 46, 97, 17, 98, 61, 15, 85, 94, 80, 81, 7, 99]

Graph Size: 150 Nodes | File: graph_150.json
  -> Exact SPP Path:   [0, 138, 100, 78, 69, 141, 54, 113, 1, 76, 9, 15, 109, 130, 98, 106, 68, 57, 20, 96, 5, 29, 137, 38, 22, 60, 139, 145, 102, 73, 44, 4, 149] (Cost: 33.49)
  -> Exact RCSPP Path: [0, 138, 75, 78, 69, 141, 54, 113, 1, 76, 9, 15, 109, 130, 98, 106, 45, 20, 96, 5, 29, 104, 71, 148, 90, 145, 111, 21, 44, 4, 149] (Cost: 49.39)
  [SPP] GA Run 00 | Feasible=True  | Cost=    41.15 | Path: [0, 138, 100, 78, 69, 141, 54, 113, 1, 76, 9, 15, 109, 130, 98, 106, 45, 20, 96, 5, 29, 137, 38, 22, 60, 62, 7, 24, 111, 21, 44, 4, 149]
  [RCSPP] GA Run 00 | Feasible=True  | Cost=    68.73 | Path: [0, 138, 100, 78, 69, 141, 54, 113, 1, 76, 9, 15, 109, 130, 81, 107, 45, 20, 96, 5, 29, 104, 71, 148, 90, 145, 102, 73, 44, 4, 149]
  [SPP] PSO Run 00 | Feasible=True  | Cost=    76.65 | Path: [0, 138, 136, 13, 69, 141, 54, 113, 1, 76, 9, 27, 109, 130, 98, 106, 68, 57, 20, 96, 5, 29, 89, 84, 22, 60, 62, 7, 8, 135, 21, 44, 4, 149]
  [RCSPP] PSO Run 00 | Feasible=True  | Cost=   138.30 | Path: [0, 138, 75, 78, 69, 141, 54, 113, 1, 76, 9, 15, 109, 130, 81, 106, 45, 20, 96, 31, 29, 89, 84, 22, 60, 139, 24, 42, 73, 44, 4, 149]
  [SPP] SQA Run 00 | Feasible=True  | Cost=    36.60 | Path: [0, 138, 100, 78, 69, 141, 54, 113, 1, 76, 9, 15, 109, 130, 98, 106, 68, 57, 20, 96, 5, 29, 137, 38, 22, 60, 116, 12, 24, 111, 21, 44, 4, 149]
  [RCSPP] SQA Run 00 | Feasible=True  | Cost=    84.14 | Path: [0, 138, 100, 78, 69, 141, 54, 113, 1, 76, 9, 15, 109, 130, 98, 106, 45, 20, 53, 5, 29, 104, 71, 148, 90, 145, 102, 129, 44, 23, 149]

Graph Size: 500 Nodes | File: graph_500.json
  -> Exact SPP Path:   [0, 280, 125, 199, 65, 457, 56, 488, 265, 403, 59, 94, 225, 388, 74, 354, 178, 446, 6, 28, 244, 262, 286, 55, 274, 332, 344, 75, 37, 292, 39, 62, 287, 238, 212, 106, 468, 138, 31, 163, 352, 395, 494, 452, 104, 482, 136, 315, 169, 451, 460, 256, 38, 449, 314, 321, 447, 226, 417, 214, 471, 455, 392, 241, 316, 275, 68, 133, 149, 239, 128, 15, 400, 448, 311, 63, 356, 156, 93, 243, 378, 52, 143, 479, 240, 246, 407, 476, 393, 399, 270, 139, 127, 164, 102, 380, 472, 285, 361, 496, 303, 462, 172, 254, 355, 124, 348, 109, 152, 23, 324, 411, 415, 450, 499] (Cost: -21.10)
  -> Exact RCSPP Path: [0, 280, 125, 199, 65, 457, 81, 135, 403, 59, 94, 225, 388, 126, 129, 182, 6, 28, 244, 262, 286, 55, 197, 247, 209, 384, 292, 39, 62, 287, 238, 212, 106, 468, 138, 31, 281, 60, 69, 395, 494, 452, 104, 482, 136, 315, 169, 451, 460, 256, 38, 449, 321, 447, 226, 417, 214, 471, 455, 392, 241, 316, 275, 68, 133, 149, 239, 128, 15, 179, 448, 206, 425, 156, 93, 243, 378, 52, 143, 479, 201, 412, 263, 426, 393, 399, 270, 139, 127, 164, 102, 380, 472, 285, 361, 496, 303, 462, 172, 254, 355, 124, 348, 358, 217, 301, 324, 411, 415, 166, 499] (Cost: 82.85)
  [SPP] GA Run 00 | Feasible=True  | Cost=   136.51 | Path: [0, 280, 125, 199, 65, 457, 81, 135, 403, 59, 94, 225, 420, 74, 354, 178, 446, 6, 28, 244, 262, 286, 55, 274, 332, 344, 75, 37, 292, 39, 62, 287, 238, 212, 51, 123, 200, 30, 163, 352, 395, 494, 452, 104, 482, 489, 276, 414, 347, 119, 256, 38, 449, 314, 321, 447, 226, 417, 214, 471, 455, 392, 241, 134, 1, 133, 149, 239, 128, 15, 400, 5, 206, 425, 156, 93, 243, 185, 33, 339, 479, 240, 246, 407, 476, 393, 399, 322, 490, 362, 308, 102, 380, 472, 285, 345, 486, 160, 79, 326, 227, 172, 254, 355, 124, 348, 358, 217, 23, 324, 411, 415, 450, 499]
  [RCSPP] GA Run 00 | Feasible=True  | Cost=   230.98 | Path: [0, 280, 125, 199, 65, 457, 81, 135, 403, 94, 225, 388, 126, 129, 182, 6, 3, 14, 205, 262, 286, 186, 376, 247, 72, 344, 75, 37, 292, 39, 62, 287, 238, 170, 106, 468, 138, 30, 163, 352, 395, 494, 452, 104, 482, 136, 365, 451, 460, 256, 38, 155, 229, 366, 398, 226, 417, 214, 471, 151, 162, 130, 114, 390, 370, 149, 239, 128, 15, 179, 448, 305, 49, 356, 45, 243, 378, 52, 339, 479, 201, 412, 263, 476, 393, 399, 270, 32, 78, 308, 102, 380, 472, 285, 361, 496, 303, 462, 172, 254, 355, 124, 348, 109, 152, 23, 324, 411, 415, 450, 499]
  [SPP] PSO Run 00 | Feasible=True  | Cost=   354.88 | Path: [0, 280, 125, 413, 7, 457, 81, 488, 265, 403, 94, 225, 388, 74, 354, 178, 446, 6, 189, 44, 90, 491, 95, 186, 376, 247, 332, 344, 75, 37, 292, 39, 62, 287, 238, 212, 51, 123, 200, 31, 163, 352, 395, 452, 104, 482, 136, 315, 169, 451, 460, 256, 38, 449, 314, 321, 447, 226, 417, 214, 471, 455, 245, 162, 130, 120, 390, 370, 330, 219, 83, 461, 29, 400, 5, 206, 425, 156, 464, 439, 470, 33, 474, 479, 240, 246, 407, 476, 393, 399, 105, 360, 78, 310, 308, 102, 380, 472, 304, 92, 477, 160, 79, 326, 227, 172, 341, 337, 433, 358, 152, 23, 324, 411, 415, 450, 499]
  [RCSPP] PSO Run 00 | Feasible=True  | Cost=   576.70 | Path: [0, 280, 125, 413, 7, 457, 81, 135, 403, 59, 94, 225, 279, 373, 129, 182, 6, 3, 14, 90, 491, 328, 397, 376, 247, 209, 253, 37, 292, 39, 62, 287, 238, 170, 468, 137, 31, 406, 60, 69, 395, 494, 452, 104, 482, 136, 315, 169, 451, 460, 256, 449, 321, 447, 226, 417, 214, 471, 351, 245, 436, 404, 463, 466, 330, 149, 239, 461, 29, 179, 448, 305, 49, 356, 45, 243, 378, 52, 339, 467, 34, 88, 112, 42, 249, 174, 360, 78, 220, 372, 102, 380, 472, 304, 92, 486, 160, 303, 462, 227, 172, 341, 289, 416, 383, 109, 152, 23, 408, 22, 499]
  [SPP] SQA Run 00 | Feasible=True  | Cost=   117.40 | Path: [0, 280, 125, 199, 65, 457, 56, 488, 135, 403, 59, 94, 225, 279, 74, 354, 178, 446, 6, 3, 14, 90, 491, 95, 198, 376, 247, 209, 384, 292, 39, 62, 441, 238, 212, 106, 468, 138, 31, 163, 352, 395, 494, 452, 104, 482, 136, 315, 169, 451, 460, 256, 38, 155, 314, 321, 447, 226, 417, 214, 121, 351, 392, 241, 134, 1, 133, 149, 239, 128, 15, 179, 5, 206, 445, 282, 432, 464, 76, 378, 52, 143, 479, 201, 412, 263, 426, 393, 399, 270, 32, 78, 308, 102, 380, 472, 304, 92, 477, 160, 303, 462, 172, 254, 355, 124, 348, 109, 152, 23, 324, 411, 415, 450, 499]
  [RCSPP] SQA Run 00 | Feasible=False | Cost=   232.30 | Path: [0, 280, 125, 413, 7, 457, 81, 135, 403, 59, 94, 225, 388, 126, 129, 182, 6, 189, 28, 244, 262, 286, 186, 274, 247, 209, 253, 37, 292, 39, 207, 62, 287, 238, 212, 106, 468, 138, 31, 281, 60, 69, 395, 494, 452, 104, 482, 136, 315, 169, 257, 460, 256, 38, 449, 314, 321, 447, 226, 417, 214, 471, 151, 162, 130, 120, 1, 250, 330, 149, 239, 128, 15, 179, 5, 206, 425, 156, 93, 243, 378, 52, 339, 479, 240, 246, 407, 476, 393, 399, 270, 139, 127, 164, 102, 380, 472, 285, 345, 486, 160, 303, 462, 172, 254, 355, 124, 348, 358, 217, 301, 324, 411, 415, 450, 499]

Graph Size: 350 Nodes | File: graph_350.json
  -> Exact SPP Path:   [0, 255, 106, 88, 157, 318, 115, 263, 212, 287, 246, 218, 103, 148, 314, 277, 339, 232, 278, 138, 334, 320, 346, 129, 22, 340, 251, 244, 253, 296, 55, 34, 119, 216, 313, 3, 306, 135, 207, 219, 231, 309, 27, 223, 293, 30, 279, 166, 345, 102, 308, 271, 72, 61, 210, 79, 294, 303, 288, 84, 241, 321, 152, 249, 240, 59, 347, 83, 66, 188, 107, 37, 193, 28, 230, 54, 349] (Cost: -5.18)
  -> Exact RCSPP Path: [0, 255, 106, 88, 157, 318, 115, 263, 212, 287, 246, 218, 103, 52, 277, 339, 232, 278, 138, 334, 320, 346, 129, 22, 340, 251, 244, 253, 296, 55, 34, 119, 216, 313, 3, 306, 135, 207, 31, 187, 309, 27, 223, 293, 30, 279, 166, 345, 102, 308, 271, 72, 133, 210, 79, 294, 303, 288, 84, 241, 321, 152, 249, 240, 59, 347, 83, 66, 188, 107, 37, 193, 28, 230, 54, 349] (Cost: 12.29)
  [SPP] GA Run 00 | Feasible=True  | Cost=    48.83 | Path: [0, 255, 106, 88, 280, 318, 115, 263, 212, 287, 295, 252, 108, 151, 314, 277, 220, 105, 74, 183, 322, 169, 346, 129, 22, 340, 251, 244, 253, 296, 55, 34, 119, 216, 313, 3, 1, 135, 207, 39, 187, 127, 264, 162, 293, 30, 279, 166, 341, 153, 98, 72, 61, 210, 79, 294, 303, 288, 84, 241, 321, 152, 249, 240, 59, 347, 83, 66, 188, 107, 37, 193, 28, 230, 54, 349]
  [RCSPP] GA Run 00 | Feasible=True  | Cost=   106.14 | Path: [0, 255, 106, 88, 318, 115, 263, 212, 287, 246, 218, 103, 148, 314, 277, 339, 266, 74, 191, 90, 169, 346, 129, 22, 340, 251, 244, 253, 296, 55, 34, 119, 216, 313, 3, 306, 135, 207, 39, 187, 309, 27, 223, 265, 200, 53, 245, 345, 341, 153, 98, 72, 133, 100, 294, 307, 137, 84, 241, 321, 152, 249, 240, 59, 347, 83, 214, 247, 292, 289, 37, 193, 28, 230, 54, 349]
  [SPP] PSO Run 00 | Feasible=True  | Cost=   187.11 | Path: [0, 255, 106, 88, 157, 318, 115, 263, 212, 297, 295, 252, 108, 284, 262, 277, 339, 266, 74, 191, 90, 169, 346, 129, 22, 340, 251, 244, 253, 296, 55, 34, 119, 216, 313, 3, 306, 135, 207, 39, 187, 309, 27, 174, 254, 73, 109, 209, 92, 341, 153, 98, 72, 310, 70, 100, 294, 303, 131, 84, 241, 321, 152, 249, 243, 141, 327, 259, 132, 250, 66, 188, 107, 37, 193, 28, 14, 86, 26, 285, 349]
  [RCSPP] PSO Run 00 | Feasible=True  | Cost=   353.86 | Path: [0, 255, 106, 88, 157, 318, 147, 19, 316, 287, 295, 76, 108, 284, 262, 277, 339, 232, 278, 138, 169, 346, 82, 129, 22, 340, 251, 244, 253, 296, 55, 34, 119, 216, 313, 3, 306, 135, 207, 31, 187, 309, 43, 254, 73, 109, 209, 341, 153, 98, 72, 133, 100, 294, 303, 288, 84, 241, 330, 337, 49, 141, 327, 347, 83, 250, 66, 292, 289, 348, 37, 342, 41, 57, 20, 199, 349]
  [SPP] SQA Run 00 | Feasible=True  | Cost=    35.28 | Path: [0, 255, 106, 88, 157, 318, 115, 263, 212, 287, 246, 218, 103, 148, 314, 277, 339, 232, 278, 138, 334, 320, 346, 129, 22, 340, 251, 244, 253, 296, 55, 34, 119, 216, 313, 3, 306, 331, 224, 63, 187, 309, 27, 223, 293, 30, 279, 166, 345, 102, 308, 271, 72, 133, 70, 100, 294, 303, 288, 84, 241, 321, 152, 249, 240, 59, 347, 83, 66, 188, 107, 37, 193, 28, 14, 86, 54, 349]
  [RCSPP] SQA Run 00 | Feasible=False | Cost=   106.81 | Path: [0, 255, 106, 88, 318, 115, 263, 212, 287, 246, 218, 103, 148, 314, 277, 220, 304, 183, 322, 169, 346, 129, 22, 340, 251, 244, 253, 296, 201, 119, 216, 313, 3, 306, 331, 224, 31, 309, 27, 223, 293, 30, 279, 166, 345, 102, 36, 248, 185, 72, 61, 210, 294, 307, 137, 168, 321, 152, 249, 240, 59, 347, 83, 66, 292, 289, 107, 37, 193, 28, 230, 54, 349]

Graph Size: 200 Nodes | File: graph_200.json
  -> Exact SPP Path:   [0, 18, 130, 77, 2, 102, 107, 165, 93, 167, 151, 97, 190, 145, 64, 118, 43, 153, 178, 11, 84, 38, 25, 160, 74, 181, 86, 39, 197, 198, 72, 122, 94, 146, 132, 78, 164, 9, 8, 81, 139, 95, 21, 152, 87, 15, 199] (Cost: -44.56)
  -> Exact RCSPP Path: [0, 18, 130, 68, 2, 102, 107, 165, 93, 167, 151, 97, 190, 145, 64, 118, 43, 153, 178, 11, 84, 38, 25, 160, 74, 181, 86, 39, 197, 198, 72, 122, 94, 146, 132, 78, 164, 8, 81, 139, 95, 135, 19, 87, 15, 199] (Cost: -31.31)
  [SPP] GA Run 00 | Feasible=True  | Cost=   -38.06 | Path: [0, 18, 130, 77, 2, 102, 107, 165, 93, 167, 151, 97, 190, 145, 64, 118, 43, 153, 178, 11, 84, 38, 25, 160, 74, 181, 86, 39, 197, 198, 72, 122, 94, 146, 132, 78, 164, 9, 8, 81, 139, 95, 135, 19, 87, 15, 199]
  [RCSPP] GA Run 00 | Feasible=True  | Cost=    -0.53 | Path: [0, 18, 130, 77, 2, 102, 107, 165, 93, 167, 151, 97, 190, 145, 64, 118, 43, 113, 88, 38, 25, 160, 74, 181, 86, 39, 197, 198, 72, 53, 166, 99, 132, 78, 164, 8, 81, 12, 61, 159, 152, 87, 15, 199]
  [SPP] PSO Run 00 | Feasible=True  | Cost=   -18.23 | Path: [0, 18, 130, 77, 2, 102, 107, 165, 93, 167, 151, 97, 190, 145, 64, 118, 43, 153, 104, 115, 88, 38, 25, 160, 74, 181, 86, 39, 197, 198, 72, 122, 94, 146, 132, 78, 164, 8, 81, 139, 95, 21, 152, 87, 15, 199]
  [RCSPP] PSO Run 00 | Feasible=True  | Cost=   137.37 | Path: [0, 18, 130, 77, 2, 189, 4, 195, 6, 167, 151, 97, 123, 145, 98, 147, 43, 153, 113, 88, 137, 133, 56, 74, 181, 86, 39, 197, 198, 72, 149, 66, 26, 125, 78, 164, 8, 81, 12, 95, 135, 19, 87, 15, 199]
  [SPP] SQA Run 00 | Feasible=True  | Cost=   -30.40 | Path: [0, 18, 130, 68, 2, 102, 107, 165, 93, 167, 151, 97, 190, 145, 64, 118, 43, 153, 178, 11, 84, 38, 25, 160, 74, 181, 86, 39, 197, 198, 72, 122, 94, 146, 132, 78, 164, 9, 117, 168, 81, 139, 95, 135, 19, 62, 15, 199]
  [RCSPP] SQA Run 00 | Feasible=True  | Cost=    -0.35 | Path: [0, 18, 130, 77, 2, 102, 107, 165, 93, 167, 151, 97, 190, 145, 64, 118, 43, 153, 178, 11, 84, 137, 133, 56, 74, 181, 86, 39, 197, 198, 72, 53, 94, 146, 132, 78, 164, 8, 81, 139, 95, 135, 19, 87, 15, 199]

Graph Size: 50 Nodes | File: graph_50.json
  -> Exact SPP Path:   [0, 1, 46, 21, 48, 29, 12, 20, 38, 32, 49] (Cost: 28.68)
  -> Exact RCSPP Path: [0, 28, 41, 40, 24, 29, 12, 20, 38, 32, 49] (Cost: 50.43)
  [SPP] GA Run 00 | Feasible=True  | Cost=    28.68 | Path: [0, 1, 46, 21, 48, 29, 12, 20, 38, 32, 49]
  [RCSPP] GA Run 00 | Feasible=True  | Cost=    64.36 | Path: [0, 37, 46, 21, 48, 29, 12, 20, 38, 32, 49]
  [SPP] PSO Run 00 | Feasible=True  | Cost=    28.68 | Path: [0, 1, 46, 21, 48, 29, 12, 20, 38, 32, 49]
  [RCSPP] PSO Run 00 | Feasible=True  | Cost=    50.43 | Path: [0, 28, 41, 40, 24, 29, 12, 20, 38, 32, 49]
  [SPP] SQA Run 00 | Feasible=True  | Cost=    28.68 | Path: [0, 1, 46, 21, 48, 29, 12, 20, 38, 32, 49]
  [RCSPP] SQA Run 00 | Feasible=True  | Cost=    50.43 | Path: [0, 28, 41, 40, 24, 29, 12, 20, 38, 32, 49]

Graph Size: 10 Nodes | File: graph_10.json
  -> Exact SPP Path:   [0, 9] (Cost: 0.13)
  -> Exact RCSPP Path: [0, 9] (Cost: 0.13)
  [SPP] GA Run 00 | Feasible=True  | Cost=     0.13 | Path: [0, 9]
  [RCSPP] GA Run 00 | Feasible=True  | Cost=     0.13 | Path: [0, 9]
  [SPP] PSO Run 00 | Feasible=True  | Cost=     0.13 | Path: [0, 9]
  [RCSPP] PSO Run 00 | Feasible=True  | Cost=     0.13 | Path: [0, 9]
  [SPP] SQA Run 00 | Feasible=True  | Cost=     0.13 | Path: [0, 9]
  [RCSPP] SQA Run 00 | Feasible=True  | Cost=     0.13 | Path: [0, 9]

Graph Size: 450 Nodes | File: graph_450.json
  -> Exact SPP Path:   [0, 130, 342, 107, 46, 320, 47, 49, 116, 391, 323, 432, 332, 188, 7, 282, 115, 411, 157, 30, 200, 164, 137, 343, 219, 303, 96, 311, 285, 425, 141, 123, 131, 152, 249, 371, 13, 173, 81, 4, 315, 351, 214, 55, 274, 77, 40, 196, 404, 151, 227, 376, 405, 186, 394, 103, 253, 41, 26, 368, 231, 441, 277, 442, 400, 338, 102, 67, 397, 417, 279, 48, 99, 101, 160, 307, 366, 167, 439, 78, 21, 212, 379, 362, 367, 281, 179, 375, 87, 129, 444, 324, 146, 396, 352, 84, 8, 119, 392, 233, 32, 124, 408, 184, 266, 449] (Cost: -46.10)
  -> Exact RCSPP Path: [0, 130, 342, 107, 46, 320, 47, 49, 116, 391, 323, 432, 332, 188, 7, 282, 115, 411, 157, 30, 200, 164, 137, 343, 219, 303, 96, 311, 285, 425, 141, 123, 131, 152, 249, 371, 13, 173, 226, 4, 315, 250, 385, 3, 447, 241, 54, 283, 313, 353, 405, 186, 394, 103, 253, 41, 26, 368, 231, 142, 442, 400, 338, 102, 67, 397, 417, 20, 421, 101, 160, 307, 366, 167, 439, 78, 21, 212, 379, 362, 244, 281, 179, 375, 87, 129, 444, 324, 146, 396, 352, 84, 8, 119, 288, 18, 82, 357, 184, 266, 449] (Cost: 11.67)
  [SPP] GA Run 00 | Feasible=True  | Cost=   121.84 | Path: [0, 130, 342, 107, 46, 434, 94, 387, 116, 391, 323, 432, 332, 399, 354, 68, 180, 386, 157, 64, 174, 415, 31, 343, 219, 303, 96, 311, 285, 425, 141, 123, 14, 118, 371, 13, 173, 81, 4, 315, 351, 214, 55, 274, 77, 40, 331, 283, 313, 353, 405, 186, 394, 103, 253, 24, 26, 368, 231, 441, 277, 442, 215, 102, 67, 397, 417, 279, 48, 99, 383, 104, 307, 366, 167, 439, 78, 21, 212, 379, 362, 367, 281, 179, 375, 87, 129, 444, 324, 146, 237, 209, 384, 72, 347, 233, 32, 124, 408, 184, 266, 449]
  [RCSPP] GA Run 00 | Feasible=True  | Cost=   240.69 | Path: [0, 130, 342, 107, 46, 434, 94, 257, 150, 431, 323, 432, 332, 399, 354, 121, 252, 19, 64, 174, 415, 31, 343, 275, 303, 96, 311, 285, 403, 268, 153, 433, 134, 118, 371, 13, 173, 81, 4, 315, 428, 214, 55, 201, 447, 241, 54, 283, 313, 95, 430, 186, 394, 103, 253, 365, 406, 310, 422, 142, 442, 400, 355, 127, 67, 397, 417, 20, 302, 325, 104, 92, 395, 167, 439, 78, 21, 212, 379, 362, 367, 281, 179, 163, 220, 129, 444, 324, 146, 396, 352, 84, 8, 72, 288, 18, 82, 357, 184, 266, 449]
  [SPP] PSO Run 00 | Feasible=True  | Cost=   356.16 | Path: [0, 130, 341, 175, 348, 320, 47, 49, 117, 156, 388, 290, 332, 399, 354, 68, 180, 386, 157, 64, 174, 415, 31, 343, 219, 303, 271, 311, 238, 75, 304, 361, 191, 131, 152, 249, 371, 13, 173, 81, 4, 315, 428, 385, 447, 241, 54, 331, 381, 159, 95, 430, 186, 394, 103, 253, 365, 406, 310, 334, 231, 441, 277, 442, 400, 89, 127, 67, 397, 417, 279, 48, 325, 104, 307, 366, 167, 439, 78, 21, 212, 216, 259, 367, 281, 179, 163, 220, 129, 444, 178, 326, 28, 110, 84, 8, 119, 392, 233, 32, 124, 357, 184, 135, 449]
  [RCSPP] PSO Run 00 | Feasible=True  | Cost=   382.83 | Path: [0, 130, 341, 175, 348, 320, 445, 265, 156, 322, 323, 432, 332, 188, 7, 282, 440, 157, 30, 200, 415, 31, 343, 219, 303, 96, 311, 285, 425, 153, 433, 52, 152, 249, 371, 13, 173, 81, 4, 364, 57, 385, 447, 241, 54, 283, 151, 227, 376, 405, 186, 394, 103, 253, 41, 24, 26, 368, 231, 142, 442, 400, 338, 102, 67, 166, 417, 279, 48, 325, 160, 307, 111, 10, 439, 51, 21, 212, 379, 362, 435, 281, 297, 284, 129, 444, 324, 146, 237, 337, 209, 8, 119, 392, 233, 32, 124, 408, 184, 266, 449]
  [SPP] SQA Run 00 | Feasible=True  | Cost=    73.86 | Path: [0, 130, 342, 107, 46, 320, 47, 49, 116, 391, 323, 432, 332, 188, 7, 282, 115, 386, 157, 30, 200, 415, 31, 343, 219, 303, 96, 311, 285, 425, 141, 123, 131, 152, 249, 371, 13, 173, 81, 4, 315, 428, 214, 385, 3, 447, 241, 54, 331, 381, 159, 95, 430, 405, 186, 394, 103, 253, 41, 26, 368, 231, 441, 277, 442, 400, 338, 67, 397, 417, 20, 302, 101, 160, 307, 111, 149, 439, 78, 21, 212, 216, 259, 367, 281, 179, 375, 87, 129, 444, 324, 146, 396, 352, 84, 8, 119, 288, 18, 273, 276, 357, 184, 112, 449]
  [RCSPP] SQA Run 00 | Feasible=False | Cost=   167.77 | Path: [0, 130, 342, 107, 46, 434, 94, 387, 150, 431, 223, 432, 332, 188, 7, 282, 115, 411, 157, 64, 174, 415, 31, 343, 219, 303, 96, 311, 285, 425, 141, 123, 131, 152, 249, 371, 13, 173, 171, 39, 315, 250, 385, 3, 80, 5, 196, 404, 208, 70, 430, 186, 394, 103, 253, 365, 406, 310, 422, 142, 442, 23, 138, 102, 67, 397, 417, 279, 48, 325, 104, 307, 111, 10, 439, 78, 21, 212, 216, 259, 367, 281, 179, 375, 87, 129, 444, 324, 146, 396, 352, 84, 8, 119, 288, 18, 82, 124, 408, 184, 266, 449]

Graph Size: 400 Nodes | File: graph_400.json
  -> Exact SPP Path:   [0, 41, 227, 280, 398, 348, 166, 44, 261, 338, 187, 253, 74, 321, 301, 354, 48, 249, 113, 191, 351, 211, 198, 151, 266, 143, 229, 336, 122, 319, 23, 271, 50, 179, 268, 28, 263, 5, 209, 214, 260, 46, 380, 279, 341, 8, 162, 372, 163, 202, 121, 34, 148, 146, 106, 318, 178, 297, 320, 300, 216, 101, 259, 347, 37, 180, 293, 18, 308, 196, 225, 388, 182, 340, 17, 265, 241, 236, 201, 132, 136, 153, 56, 30, 283, 32, 199, 399] (Cost: -11.16)
  -> Exact RCSPP Path: [0, 41, 227, 280, 398, 348, 166, 44, 261, 338, 187, 253, 74, 381, 305, 159, 249, 113, 191, 351, 211, 7, 290, 314, 69, 229, 392, 76, 319, 23, 271, 50, 179, 268, 28, 311, 5, 209, 214, 260, 46, 380, 279, 341, 8, 162, 372, 163, 202, 121, 34, 148, 146, 106, 318, 178, 297, 320, 300, 216, 101, 259, 347, 37, 180, 293, 18, 308, 196, 225, 388, 182, 340, 17, 265, 241, 236, 201, 132, 136, 153, 56, 30, 283, 32, 199, 399] (Cost: -1.60)
  [SPP] GA Run 00 | Feasible=True  | Cost=   114.17 | Path: [0, 41, 227, 393, 174, 257, 166, 44, 261, 338, 187, 253, 74, 321, 301, 354, 134, 349, 376, 10, 9, 374, 211, 198, 151, 266, 143, 229, 392, 76, 319, 23, 271, 50, 179, 223, 116, 251, 311, 5, 209, 214, 260, 46, 380, 279, 341, 8, 387, 372, 163, 202, 121, 34, 148, 146, 83, 80, 306, 384, 71, 320, 300, 216, 101, 259, 347, 37, 180, 293, 18, 156, 11, 225, 388, 182, 340, 17, 265, 241, 236, 201, 132, 136, 153, 56, 30, 283, 32, 199, 399]
  [RCSPP] GA Run 00 | Feasible=True  | Cost=   174.87 | Path: [0, 41, 228, 343, 393, 174, 257, 166, 44, 261, 109, 338, 187, 74, 321, 301, 354, 48, 249, 113, 191, 351, 211, 198, 151, 266, 143, 229, 336, 122, 57, 390, 21, 73, 104, 367, 28, 263, 5, 209, 214, 260, 46, 380, 279, 341, 164, 387, 372, 163, 219, 103, 287, 148, 146, 106, 318, 178, 297, 320, 15, 167, 125, 347, 37, 180, 293, 18, 308, 196, 225, 388, 182, 340, 17, 265, 241, 236, 201, 132, 136, 153, 56, 30, 283, 32, 199, 399]
  [SPP] PSO Run 00 | Feasible=True  | Cost=   290.24 | Path: [0, 224, 228, 343, 393, 174, 257, 286, 97, 261, 338, 187, 253, 74, 381, 354, 159, 27, 4, 382, 9, 374, 211, 198, 151, 266, 273, 234, 147, 392, 76, 319, 23, 271, 50, 179, 268, 28, 311, 78, 209, 214, 260, 46, 380, 59, 325, 86, 164, 387, 372, 163, 202, 72, 205, 322, 195, 359, 318, 178, 297, 320, 15, 167, 125, 347, 37, 180, 293, 18, 308, 196, 225, 388, 182, 340, 339, 127, 241, 236, 201, 132, 337, 52, 137, 79, 111, 283, 32, 199, 399]
  [RCSPP] PSO Run 00 | Feasible=True  | Cost=   447.96 | Path: [0, 41, 353, 323, 394, 398, 84, 166, 44, 135, 109, 338, 187, 328, 74, 381, 305, 258, 276, 249, 113, 191, 9, 374, 211, 248, 242, 314, 69, 234, 336, 122, 319, 23, 271, 203, 104, 25, 386, 61, 150, 214, 260, 46, 380, 59, 341, 8, 162, 372, 36, 72, 205, 49, 204, 83, 80, 306, 384, 71, 355, 130, 101, 259, 347, 37, 180, 293, 18, 308, 196, 225, 388, 182, 47, 17, 265, 241, 3, 201, 132, 136, 153, 56, 30, 283, 32, 42, 399]
  [SPP] SQA Run 00 | Feasible=True  | Cost=    71.86 | Path: [0, 41, 227, 280, 398, 348, 166, 44, 261, 338, 187, 253, 74, 321, 301, 354, 159, 249, 113, 191, 351, 248, 151, 266, 143, 229, 392, 76, 319, 23, 21, 344, 179, 268, 28, 263, 5, 209, 214, 260, 46, 380, 279, 341, 164, 387, 372, 163, 202, 72, 141, 239, 146, 16, 318, 178, 297, 320, 300, 216, 101, 259, 347, 37, 180, 293, 18, 308, 196, 225, 388, 182, 340, 17, 265, 241, 236, 201, 132, 136, 153, 56, 30, 283, 32, 199, 399]
  [RCSPP] SQA Run 00 | Feasible=True  | Cost=    88.00 | Path: [0, 41, 228, 343, 383, 84, 166, 44, 135, 338, 187, 253, 74, 105, 160, 354, 48, 113, 191, 351, 211, 7, 290, 266, 143, 229, 392, 76, 319, 23, 271, 50, 179, 268, 28, 263, 5, 209, 214, 260, 46, 380, 279, 341, 8, 162, 372, 163, 202, 121, 34, 148, 146, 106, 318, 178, 297, 320, 15, 167, 125, 347, 37, 180, 293, 18, 308, 196, 225, 388, 182, 340, 17, 265, 241, 236, 201, 132, 136, 153, 56, 30, 283, 32, 42, 399]

Graph Size: 5 Nodes | File: graph_5.json
  -> Exact SPP Path:   [0, 1, 4] (Cost: 8.34)
  -> Exact RCSPP Path: [0, 1, 4] (Cost: 8.34)
  [SPP] GA Run 00 | Feasible=True  | Cost=     8.34 | Path: [0, 1, 4]
  [RCSPP] GA Run 00 | Feasible=True  | Cost=     8.34 | Path: [0, 1, 4]
  [SPP] PSO Run 00 | Feasible=True  | Cost=     8.34 | Path: [0, 1, 4]
  [RCSPP] PSO Run 00 | Feasible=True  | Cost=     8.34 | Path: [0, 1, 4]
  [SPP] SQA Run 00 | Feasible=True  | Cost=     8.34 | Path: [0, 1, 4]
  [RCSPP] SQA Run 00 | Feasible=True  | Cost=     8.34 | Path: [0, 1, 4]

Graph Size: 20 Nodes | File: graph_20.json
  -> Exact SPP Path:   [0, 9, 6, 16, 19] (Cost: -10.65)
  -> Exact RCSPP Path: [0, 14, 6, 16, 19] (Cost: 0.07)
  [SPP] GA Run 00 | Feasible=True  | Cost=   -10.65 | Path: [0, 9, 6, 16, 19]
  [RCSPP] GA Run 00 | Feasible=True  | Cost=     0.07 | Path: [0, 14, 6, 16, 19]
  [SPP] PSO Run 00 | Feasible=True  | Cost=   -10.65 | Path: [0, 9, 6, 16, 19]
  [RCSPP] PSO Run 00 | Feasible=True  | Cost=     0.07 | Path: [0, 14, 6, 16, 19]
  [SPP] SQA Run 00 | Feasible=True  | Cost=   -10.65 | Path: [0, 9, 6, 16, 19]
  [RCSPP] SQA Run 00 | Feasible=True  | Cost=     0.07 | Path: [0, 14, 6, 16, 19]

Graph Size: 250 Nodes | File: graph_250.json
  -> Exact SPP Path:   [0, 208, 160, 131, 126, 63, 25, 112, 205, 108, 51, 45, 121, 231, 114, 9, 172, 229, 224, 165, 75, 202, 247, 241, 237, 187, 200, 168, 129, 58, 57, 135, 217, 130, 186, 104, 230, 65, 189, 246, 161, 56, 118, 92, 4, 211, 226, 6, 73, 20, 157, 81, 42, 62, 190, 220, 249] (Cost: 27.90)
  -> Exact RCSPP Path: [0, 111, 160, 131, 126, 63, 125, 40, 175, 69, 108, 51, 45, 121, 231, 242, 116, 172, 229, 224, 165, 75, 41, 31, 123, 107, 187, 200, 168, 129, 58, 57, 135, 217, 130, 47, 104, 230, 65, 182, 143, 161, 56, 118, 92, 4, 211, 226, 6, 73, 20, 157, 81, 42, 62, 190, 220, 249] (Cost: 70.52)
  [SPP] GA Run 00 | Feasible=True  | Cost=    56.14 | Path: [0, 208, 160, 131, 199, 125, 40, 175, 205, 108, 51, 45, 121, 231, 114, 9, 172, 229, 224, 165, 75, 202, 247, 241, 237, 187, 200, 168, 129, 58, 57, 135, 217, 130, 186, 104, 230, 65, 189, 246, 161, 56, 118, 92, 4, 211, 226, 6, 73, 20, 157, 212, 166, 98, 190, 220, 249]
  [RCSPP] GA Run 00 | Feasible=True  | Cost=   118.28 | Path: [0, 208, 160, 131, 83, 137, 125, 40, 155, 205, 108, 51, 45, 121, 231, 242, 116, 172, 229, 224, 165, 75, 41, 31, 123, 107, 187, 200, 168, 129, 58, 57, 135, 191, 234, 12, 104, 230, 65, 182, 143, 161, 43, 176, 92, 4, 211, 226, 232, 198, 210, 23, 110, 101, 185, 190, 220, 249]
  [SPP] PSO Run 00 | Feasible=True  | Cost=   133.95 | Path: [0, 208, 111, 160, 131, 199, 125, 40, 155, 205, 108, 109, 45, 121, 231, 114, 9, 172, 91, 8, 165, 75, 41, 31, 123, 107, 187, 200, 168, 129, 58, 57, 135, 191, 234, 79, 104, 230, 65, 189, 246, 115, 56, 118, 92, 4, 211, 226, 6, 73, 20, 157, 212, 101, 185, 190, 220, 249]
  [RCSPP] PSO Run 00 | Feasible=True  | Cost=   275.33 | Path: [0, 111, 160, 13, 83, 137, 125, 40, 213, 141, 122, 178, 45, 121, 231, 242, 116, 172, 229, 224, 165, 75, 202, 247, 241, 237, 187, 174, 168, 129, 58, 57, 156, 191, 234, 79, 104, 230, 65, 189, 246, 161, 43, 176, 92, 113, 60, 211, 226, 232, 198, 210, 23, 11, 166, 98, 190, 220, 249]
  [SPP] SQA Run 00 | Feasible=True  | Cost=    61.06 | Path: [0, 208, 160, 131, 126, 63, 15, 40, 155, 205, 108, 51, 45, 121, 231, 242, 116, 172, 229, 224, 165, 75, 202, 247, 241, 237, 187, 200, 181, 223, 58, 57, 135, 217, 130, 186, 104, 230, 65, 189, 246, 161, 56, 118, 92, 4, 211, 226, 6, 73, 20, 157, 81, 42, 62, 190, 220, 249]
  [RCSPP] SQA Run 00 | Feasible=False | Cost=   159.34 | Path: [0, 208, 160, 131, 199, 125, 40, 175, 69, 122, 51, 45, 19, 231, 114, 9, 172, 229, 224, 165, 75, 202, 247, 241, 237, 187, 174, 168, 129, 58, 57, 135, 191, 234, 12, 179, 44, 140, 153, 49, 115, 56, 118, 92, 4, 211, 226, 232, 198, 210, 23, 110, 101, 185, 190, 220, 249]
